assets/positive/1655086489.8877268.jpg 3 193 170 27 30 370 155 25 35 490 155 27 32
assets/positive/1655086505.586574.jpg 2 170 148 23 22 255 135 17 20
assets/positive/1655086906.0670145.jpg 3 190 170 32 30 370 160 25 27 488 158 29 29
assets/positive/1655086906.2352521.jpg 3 195 170 25 27 373 158 22 30 490 160 25 27
assets/positive/1655086906.3688052.jpg 3 195 170 25 25 367 155 30 35 493 162 25 25
assets/positive/1655086906.528054.jpg 3 193 170 32 25 362 158 31 30 493 160 24 30
assets/positive/1655086906.7022545.jpg 3 198 170 32 25 355 160 33 28 492 158 28 32
assets/positive/1655086906.835547.jpg 3 200 167 32 28 355 160 27 25 490 158 25 29
assets/positive/1655086906.98753.jpg 3 208 165 30 32 352 158 28 29 480 155 35 37
assets/positive/1655086907.1442049.jpg 3 207 168 31 29 357 158 23 29 478 158 35 29
assets/positive/1655086907.2967765.jpg 3 207 170 31 27 355 158 25 27 477 157 28 26
assets/positive/1655086907.4799201.jpg 3 205 167 35 33 355 157 30 25 480 157 25 28
assets/positive/1655086907.6155455.jpg 3 205 170 33 30 360 158 32 27 480 158 25 22
assets/positive/1655086907.8009293.jpg 3 198 168 34 44 365 155 30 30 482 160 26 22
assets/positive/1655086907.9555426.jpg 3 193 170 32 35 368 153 27 37 482 157 33 30
assets/positive/1655086908.1257138.jpg 3 190 167 35 38 368 158 32 34 488 157 32 25
assets/positive/1655086908.2926936.jpg 3 190 170 32 30 365 155 35 37 490 160 30 23
assets/positive/1655086908.463744.jpg 3 190 168 32 29 367 155 30 35 495 158 22 30
assets/positive/1655086908.60032.jpg 3 188 165 37 32 365 155 30 35 492 155 25 35
assets/positive/1655086908.7859554.jpg 3 195 168 35 32 357 155 33 35 493 160 25 25
assets/positive/1655086908.9271967.jpg 3 202 165 28 32 355 155 30 32 485 155 33 35
assets/positive/1655086909.1099594.jpg 3 205 168 32 29 350 158 32 29 480 153 35 34
assets/positive/1655086909.2700994.jpg 3 208 165 32 32 348 158 32 27 477 160 33 25
assets/positive/1655086909.4169135.jpg 3 210 170 30 27 352 160 31 27 477 160 28 20
assets/positive/1655086909.5687783.jpg 3 205 167 35 30 355 157 30 28 480 158 23 27
assets/positive/1655086909.7403321.jpg 3 207 168 30 29 357 162 33 18 482 160 20 22
assets/positive/1655086909.8976681.jpg 3 203 168 27 27 368 155 27 30 480 158 27 24
assets/positive/1655086910.0175107.jpg 3 195 170 32 27 368 160 27 25 485 158 25 22
assets/positive/1655086916.6658177.jpg 3 120 212 22 20 138 197 22 15 140 183 20 14
assets/positive/1655086916.8364096.jpg 3 117 212 30 23 138 198 20 14 142 185 18 12
assets/positive/1655086916.987698.jpg 3 138 195 22 17 142 185 18 12 120 210 32 22
assets/positive/1655086917.1487122.jpg 3 125 212 27 20 135 195 17 15 142 185 15 12
assets/positive/1655086917.295232.jpg 3 127 208 30 24 130 193 27 17 138 180 27 17
assets/positive/1655086917.4772425.jpg 3 133 210 27 27 128 193 24 19 140 185 18 10
assets/positive/1655086917.6170156.jpg 3 130 212 30 23 128 193 19 22 138 183 19 17
assets/positive/1655086917.8002458.jpg 3 130 210 30 25 125 195 20 20 132 178 23 25
assets/positive/1655086917.9427702.jpg 3 128 210 30 25 125 195 20 17 135 183 15 17
assets/positive/1655086918.1251926.jpg 3 125 210 30 30 123 198 19 17 130 180 22 20
assets/positive/1655086918.285759.jpg 3 120 210 30 27 128 193 22 17 133 185 19 10
assets/positive/1655086918.4310231.jpg 3 118 210 25 30 128 195 24 15 132 185 18 12
assets/positive/1655086918.615951.jpg 3 115 212 28 26 130 195 30 17 135 185 22 10
assets/positive/1655086918.7694142.jpg 3 115 208 28 29 135 193 25 19 135 185 27 12
assets/positive/1655086918.9399683.jpg 3 118 210 27 20 135 195 25 15 140 183 22 14
assets/positive/1655086919.0773642.jpg 3 120 208 32 27 138 195 22 15 145 185 15 12
assets/positive/1655086927.3223026.jpg 4 110 70 22 22 153 75 22 20 195 78 22 17 223 78 17 12
assets/positive/1655086927.480234.jpg 4 113 72 19 15 153 78 24 14 190 78 22 14 225 80 15 12
assets/positive/1655086927.6327643.jpg 4 113 72 19 15 155 78 22 14 190 78 18 17 228 78 14 17
assets/positive/1655086927.7875388.jpg 4 110 70 20 20 150 78 25 17 190 78 17 17 228 77 17 15
assets/positive/1655086927.9562142.jpg 4 107 72 21 18 150 78 22 14 192 73 18 22 230 80 15 15
assets/positive/1655086928.0938513.jpg 4 105 70 20 22 148 78 19 14 195 80 13 15 232 78 15 17
assets/positive/1655086928.248966.jpg 4 100 70 23 20 145 75 22 20 193 75 17 17 233 82 14 13
assets/positive/1655086928.4133673.jpg 4 102 72 18 18 143 80 19 12 198 78 17 14 232 78 15 17
assets/positive/1655086928.5569358.jpg 4 102 72 18 15 145 75 17 17 200 78 17 17 230 80 17 15
assets/positive/1655086928.6935394.jpg 4 103 73 17 14 143 80 19 12 202 75 18 18 228 80 15 12
assets/positive/1655086928.8821943.jpg 4 103 73 17 14 147 78 18 15 202 80 15 13 223 80 17 12
assets/positive/1655086928.9874098.jpg 4 105 72 20 13 143 78 24 14 198 83 19 9 225 78 12 14
assets/positive/1655086929.0928757.jpg 4 107 72 20 13 148 78 17 14 200 80 17 12 222 80 18 15
assets/positive/1655087030.070802.jpg 3 345 232 20 15 477 225 20 17 605 233 23 20
assets/positive/1655087030.2245367.jpg 3 337 235 16 12 462 223 18 17 577 230 25 22
assets/positive/1655087030.3943245.jpg 3 330 230 17 17 450 223 15 15 557 228 23 17
assets/positive/1655087030.5704644.jpg 3 435 218 18 22 540 227 17 18 325 235 15 10
assets/positive/1655087030.7477386.jpg 2 422 220 20 15 525 225 20 15
assets/positive/1655087030.8865926.jpg 2 412 220 23 17 520 225 20 15
assets/positive/1655087031.055205.jpg 2 398 220 22 17 510 220 18 20
assets/positive/1655087031.195172.jpg 2 395 218 20 17 508 223 17 14
assets/positive/1655087037.9362574.jpg 4 190 95 22 15 365 45 20 13 292 45 15 7 325 45 20 7
assets/positive/1655087038.0900738.jpg 2 358 45 25 13 195 95 15 17
assets/positive/1655087038.2297661.jpg 2 195 93 17 19 362 43 16 20
assets/positive/1655087038.3677082.jpg 2 190 93 30 19 358 43 19 17
assets/positive/1655087038.5045228.jpg 2 190 93 22 17 360 45 15 18
assets/positive/1655087038.658803.jpg 2 188 95 24 15 360 45 15 17
assets/positive/1655087038.787812.jpg 2 185 95 22 15 362 45 16 18
assets/positive/1655087038.9371858.jpg 2 182 95 23 15 362 45 23 18
assets/positive/1655087039.0731332.jpg 2 180 95 22 17 362 43 23 19
assets/positive/1655087051.4873226.jpg 2 260 155 12 10 298 158 12 9
assets/positive/1655087051.6260834.jpg 1 297 155 13 12
assets/positive/1655087051.8903594.jpg 2 263 155 12 10 295 158 15 9
assets/positive/1655087052.0570588.jpg 2 262 155 15 10 295 155 15 12
assets/positive/1655087052.1939332.jpg 2 265 158 12 7 300 158 10 9
assets/positive/1655087052.302174.jpg 2 267 155 10 10 300 157 10 8
assets/positive/1655087059.4493282.jpg 4 460 118 20 19 500 120 20 17 547 120 30 20 593 115 32 22
assets/positive/1655087059.605774.jpg 4 472 115 25 20 517 115 23 20 570 120 30 22 620 118 8 12
assets/positive/1655087059.7465.jpg 2 515 118 25 22 565 115 27 25
assets/positive/1655087059.8506665.jpg 1 553 115 34 27
assets/positive/1655087060.0045538.jpg 1 600 115 27 28
assets/positive/1655087060.143167.jpg 0
assets/positive/1655087060.251282.jpg 0
assets/positive/1655087073.7734716.jpg 3 168 225 39 32 200 198 27 27 210 185 23 20
assets/positive/1655087073.91198.jpg 3 170 225 45 32 203 200 29 25 208 183 24 20
assets/positive/1655087074.0679061.jpg 3 178 227 39 30 210 205 20 20 203 183 24 19
assets/positive/1655087074.2042506.jpg 3 183 223 37 37 203 198 32 24 208 188 19 15
assets/positive/1655087074.323968.jpg 3 183 227 39 35 200 200 32 25 205 185 27 18
assets/positive/1655087086.2400427.jpg 3 120 227 62 48 265 203 35 42 397 200 38 37
assets/positive/1655087086.3804123.jpg 3 70 245 70 67 247 220 50 55 400 218 60 47
assets/positive/1655087086.5383964.jpg 2 77 218 80 94 413 238 74 62
assets/positive/1655087086.6858132.jpg 2 140 220 112 82 430 223 83 77
assets/positive/1655087086.8091311.jpg 2 393 163 72 79 250 225 60 50
assets/positive/1655087124.7902226.jpg 7 573 225 42 35 447 192 23 25 347 180 23 20 552 157 10 8 603 160 12 12 588 158 9 7 570 160 10 10
assets/positive/1655087124.9256382.jpg 7 345 183 22 17 440 193 30 24 578 230 39 30 550 157 12 8 568 157 12 13 587 155 13 15 602 155 13 12
assets/positive/1655087125.0375512.jpg 7 345 180 22 22 440 192 22 25 583 230 37 35 545 155 17 12 565 158 17 12 582 155 15 10 605 160 10 10
assets/positive/1655087125.1885989.jpg 7 343 183 20 17 438 195 22 20 590 230 32 32 605 160 10 10 550 155 8 10 565 158 12 12 585 155 10 10
assets/positive/1655087125.3255544.jpg 7 342 185 15 12 430 188 30 27 587 230 33 40 545 155 12 10 565 158 12 9 583 158 9 7 603 160 14 10
assets/positive/1655087125.467226.jpg 7 335 183 25 17 435 190 22 27 583 233 39 29 547 157 10 8 560 158 15 9 585 155 10 10 605 160 15 7
assets/positive/1655087125.6059086.jpg 7 335 185 20 12 430 197 25 18 587 233 33 29 545 157 12 8 562 160 10 7 585 155 12 10 605 160 15 10
assets/positive/1655087125.739762.jpg 7 335 187 20 10 435 195 22 20 583 230 34 32 550 157 10 10 563 160 9 10 585 155 10 12 607 160 10 10
assets/positive/1655087125.865618.jpg 7 338 188 17 9 430 193 35 24 575 228 40 34 548 158 9 7 565 158 7 12 585 153 12 12 610 160 10 12
assets/positive/1655087126.0402994.jpg 7 338 183 17 17 440 195 22 20 570 228 38 37 550 155 12 10 563 160 9 7 585 157 12 10 605 158 15 12
assets/positive/1655087126.1591067.jpg 7 338 183 22 14 440 192 30 25 565 227 37 30 550 155 12 10 562 158 11 10 587 157 11 10 607 160 13 15
assets/positive/1655087126.3426654.jpg 7 340 185 20 10 445 197 22 20 568 230 32 27 555 155 8 10 563 155 9 12 590 155 10 5 605 160 10 10
assets/positive/1655087137.292413.jpg 4 315 135 17 12 333 137 17 10 325 128 15 7 415 128 12 14
assets/positive/1655087137.429307.jpg 4 327 130 8 10 315 138 15 7 338 138 9 12 410 128 17 15
assets/positive/1655087137.5665476.jpg 4 315 135 10 12 323 128 12 9 337 140 13 7 410 125 12 15
assets/positive/1655087137.7204912.jpg 4 310 137 15 8 410 130 15 10 338 138 17 9 320 127 18 13
assets/positive/1655087137.8610275.jpg 4 310 135 15 12 320 127 15 13 340 135 15 12 412 127 13 13
assets/positive/1655087138.0614338.jpg 4 312 137 11 10 320 130 12 10 342 135 15 12 413 125 12 15
assets/positive/1655087138.1954536.jpg 4 312 137 13 10 317 125 18 15 343 135 17 13 415 125 15 13
assets/positive/1655087150.5487847.jpg 2 295 172 25 15 460 198 28 27
assets/positive/1655087150.6878395.jpg 2 457 200 33 30 297 170 18 22
assets/positive/1655087150.8284073.jpg 2 450 200 35 23 295 170 25 20
assets/positive/1655087150.9839878.jpg 2 450 198 32 29 292 170 28 20
assets/positive/1655087151.1377728.jpg 2 442 198 38 24 293 170 27 22
assets/positive/1655087151.2585006.jpg 1 447 200 23 22
